24.0,556.0;
49.843414,491.7177;
126.229996,414.62256;
237.74994,344.32816;
355.16705,301.9607;
441.1637,292.13702;
487.9959,304.4827;
508.95367,372.00516;
488.56244,486.38513;
406.43362,612.42786;
324.9323,728.8443;
264.5,813.5;
246.99857,837.00244;
241.24744,854.25775;
255.40323,865.89453;
353.3321,869.6759;
526.89197,831.632;
678.6519,815.07336;
772.77185,833.38214;
811.26434,863.454;
832.338,936.4601;
772.15106,1031.9436;
672.39667,1151.544;
520.1269,1292.2236;
379.69992,1438.5151;
267.32178,1556.3016;
242.0,1586.0;
363.0,195.0;
363.0,195.0;
362.06396,199.68015;
359.28384,224.44547;
360.62817,286.89035;
368.44968,345.6645;
387.9914,426.0406;
415.67722,519.66907;
449.0,619.0;
488.91974,740.7492;
512.34216,840.2041;
524.0371,908.1022;
526.315,950.8208;
524.7832,1001.38477;
522.823,1057.0804;
523.0,1091.1072;
523.0,1111.7052;
524.5,1120.0;
525.0,1120.9218;
526.37286,1122.3729;
533.7249,1123.0;
551.22833,1114.2617;
585.2576,1042.4404;
601.82874,928.2982;
593.0295,833.8033;
583.91187,758.25104;
573.8682,670.70886;
560.5,594.5;
540.73895,513.7699;
515.68524,457.15137;
477.89575,390.24988;
416.65286,329.06418;
330.7768,259.04437;
250.37903,202.12332;
166.64482,156.18164;
70.31068,112.39284;
-2.6911888,78.06209;
-11.0,74.0;
657.0,941.0;
657.0,941.0;
643.30145,928.27124;
614.48035,908.03625;
534.7997,875.1321;
445.10153,859.159;
345.27756,874.41345;
284.27213,890.9475;
258.84845,903.17175;
247.79999,911.1666;
243.61676,918.3054;
291.6857,940.1642;
436.07867,969.46643;
567.2136,982.99536;
671.9508,998.26526;
719.5319,1001.3594;
730.3912,999.9022;
728.5055,998.5055;
632.7305,972.1162;
470.3745,971.0;
372.18762,1014.63416;
295.40088,1048.5839;
247.22812,1092.0427;
210.82089,1139.7864;
198.35066,1168.1644;
197.01009,1187.111;
205.73293,1198.6439;
314.28632,1211.5017;
445.80286,1200.0525;
572.50446,1193.3876;
582.0,1193.0;
176.0,132.0;
176.0,132.0;
180.64354,133.16089;
197.82567,142.8158;
237.13235,166.68628;
300.7119,210.12177;
391.7357,276.26404;
493.08398,353.07797;
577.5206,422.8473;
650.3485,487.1905;
705.24097,539.92084;
738.5596,571.5596;
757.0,588.5;
760.9074,591.93054;
763.93195,593.46594;
736.6334,568.2297;
667.9692,517.96136;
579.709,472.4441;
509.6353,444.1601;
449.52362,429.47864;
402.5407,424.00494;
391.69714,430.6902;
381.37756,454.36877;
411.39017,532.62787;
464.38007,617.4309;
524.39343,702.52454;
579.46606,775.18396;
615.38776,831.92865;
634.0757,865.13617;
639.7247,877.8805;
638.1181,877.0;
638.0,877.0;
24.0,556.0;
49.843414,491.7177;
126.229996,414.62256;
237.74994,344.32816;
355.16705,301.9607;
441.1637,292.13702;
487.9959,304.4827;
508.95367,372.00516;
488.56244,486.38513;
406.43362,612.42786;
324.9323,728.8443;
264.5,813.5;
246.99857,837.00244;
241.24744,854.25775;
255.40323,865.89453;
353.3321,869.6759;
526.89197,831.632;
678.6519,815.07336;
772.77185,833.38214;
811.26434,863.454;
832.338,936.4601;
772.15106,1031.9436;
672.39667,1151.544;
520.1269,1292.2236;
379.69992,1438.5151;
267.32178,1556.3016;
242.0,1586.0;
363.0,195.0;
363.0,195.0;
362.06396,199.68015;
359.28384,224.44547;
360.62817,286.89035;
368.44968,345.6645;
387.9914,426.0406;
415.67722,519.66907;
449.0,619.0;
488.91974,740.7492;
512.34216,840.2041;
524.0371,908.1022;
526.315,950.8208;
524.7832,1001.38477;
522.823,1057.0804;
523.0,1091.1072;
523.0,1111.7052;
524.5,1120.0;
525.0,1120.9218;
526.37286,1122.3729;
533.7249,1123.0;
551.22833,1114.2617;
585.2576,1042.4404;
601.82874,928.2982;
593.0295,833.8033;
583.91187,758.25104;
573.8682,670.70886;
560.5,594.5;
540.73895,513.7699;
515.68524,457.15137;
477.89575,390.24988;
416.65286,329.06418;
330.7768,259.04437;
250.37903,202.12332;
166.64482,156.18164;
70.31068,112.39284;
-2.6911888,78.06209;
-11.0,74.0;
657.0,941.0;
657.0,941.0;
643.30145,928.27124;
614.48035,908.03625;
534.7997,875.1321;
445.10153,859.159;
345.27756,874.41345;
284.27213,890.9475;
258.84845,903.17175;
247.79999,911.1666;
243.61676,918.3054;
291.6857,940.1642;
436.07867,969.46643;
567.2136,982.99536;
671.9508,998.26526;
719.5319,1001.3594;
730.3912,999.9022;
728.5055,998.5055;
632.7305,972.1162;
470.3745,971.0;
372.18762,1014.63416;
295.40088,1048.5839;
247.22812,1092.0427;
210.82089,1139.7864;
198.35066,1168.1644;
197.01009,1187.111;
205.73293,1198.6439;
314.28632,1211.5017;
445.80286,1200.0525;
572.50446,1193.3876;
582.0,1193.0;
176.0,132.0;
176.0,132.0;
180.64354,133.16089;
197.82567,142.8158;
237.13235,166.68628;
300.7119,210.12177;
391.7357,276.26404;
493.08398,353.07797;
577.5206,422.8473;
650.3485,487.1905;
705.24097,539.92084;
738.5596,571.5596;
757.0,588.5;
760.9074,591.93054;
763.93195,593.46594;
736.6334,568.2297;
667.9692,517.96136;
579.709,472.4441;
509.6353,444.1601;
449.52362,429.47864;
402.5407,424.00494;
391.69714,430.6902;
381.37756,454.36877;
411.39017,532.62787;
464.38007,617.4309;
524.39343,702.52454;
579.46606,775.18396;
615.38776,831.92865;
634.0757,865.13617;
639.7247,877.8805;
638.1181,877.0;
638.0,877.0;