59.0,366.0;
59.0,364.2909;
60.507652,361.73853;
64.18208,357.0224;
70.76626,351.0575;
81.720505,342.04688;
100.8578,329.72137;
124.6599,316.19223;
149.71915,304.67038;
167.3046,300.69302;
183.97536,299.87653;
197.12593,302.32706;
207.15842,310.5109;
212.52742,324.05484;
211.0,353.63205;
205.62508,382.2808;
194.46826,407.8104;
180.69672,432.60657;
168.1116,451.81403;
160.5,463.0;
156.0,469.5;
153.00287,475.495;
152.0,479.5;
159.76567,478.2793;
170.4141,474.9403;
187.6015,469.94403;
208.81271,464.75885;
231.76477,463.10162;
253.97513,464.9024;
271.96936,470.9892;
286.62885,481.44916;
297.98544,496.2542;
304.95532,512.0471;
307.5429,530.0765;
304.5438,549.1059;
292.32507,576.6873;
275.18655,600.3806;
247.14328,624.4877;
212.63216,645.37823;
179.86899,657.3818;
146.0,667.5;
121.5,672.5;
102.0,675.0;
92.0,674.5;
187.0,461.0;
185.83444,461.0;
189.50119,459.83295;
206.69923,453.6565;
232.65216,442.74213;
266.7839,425.3497;
300.81293,403.2536;
326.52472,385.41757;
346.16754,372.22165;
357.417,364.4081;
365.87592,358.09308;
372.1633,352.86392;
375.21606,348.7119;
373.87894,342.27365;
369.3027,335.95407;
362.7077,327.27695;
355.19324,315.1608;
349.1646,303.6351;
342.8691,290.7382;
337.92606,280.8521;
334.203,271.9568;
331.50412,267.00824;
330.0,264.0;
331.0,263.01642;
334.0,270.0;
342.0,286.0;
365.45425,353.19467;
387.8957,413.5432;
409.31714,468.6087;
428.41476,514.8242;
444.5308,554.376;
457.4291,581.8106;
467.91733,600.8512;
468.0,601.0;
47.0,351.0;
45.32518,349.32516;
45.0,348.28122;
48.822395,344.94208;
63.10527,337.44736;
102.2296,320.47302;
168.87245,295.2864;
254.13785,265.34943;
340.53687,237.15067;
429.09845,214.71002;
497.06464,200.50143;
82.0,315.0;
82.0,311.36926;
84.39934,305.66776;
89.11464,299.88535;
116.309326,284.92978;
142.16574,278.5066;
173.85269,274.76382;
207.19717,274.0;
237.5716,277.36737;
264.2903,285.1329;
283.91617,297.27747;
297.727,310.727;
304.1526,327.4069;
302.92792,349.5139;
290.62308,373.879;
272.01575,395.6864;
250.57074,415.2078;
227.10104,428.75388;
211.63748,437.01642;
200.51166,440.87012;
193.69398,444.653;
191.53394,446.93213;
193.05864,448.51465;
201.26656,449.0;
219.02089,450.2401;
244.28073,452.99396;
271.61945,458.2968;
295.06323,467.64917;
314.6356,479.75708;
330.0929,494.95667;
340.2088,515.2418;
343.88083,537.1658;
339.9923,564.05005;
327.3916,590.26746;
309.41556,610.8641;
284.57132,629.6833;
247.22577,646.18787;
205.52853,655.4286;
158.01671,662.06555;
125.24286,662.6916;
98.26781,662.0;
78.865135,657.695;
209.0,473.0;
217.10826,471.23645;
250.60565,467.4629;
308.51093,456.08734;
337.9492,449.79663;
359.73563,444.58673;
373.74936,441.62512;
383.79016,438.46295;
391.79803,436.55048;
397.64404,434.45197;
401.26086,432.36957;
404.08984,430.27344;
407.25467,426.74533;
407.46542,420.67285;
408.5,411.0;
408.0,394.02197;
408.0,376.89185;
408.6594,358.1307;
409.0,339.29907;
409.75443,321.17484;
410.0,306.55792;
410.0,293.7953;
410.0,284.0018;
410.0,277.32843;
410.0,271.96912;
410.0,268.83524;
410.0,267.89835;
410.0,271.45853;
410.0,281.79126;
411.25067,301.26138;
413.598,346.36182;
416.9821,396.05847;
423.0003,453.8031;
426.71893,507.34613;
429.49127,555.36316;
428.0,610.0;
428.0,642.5;
429.5,680.0;
28.0,285.0;
29.147255,283.85275;
38.303955,282.67087;
66.533485,278.83633;
137.19893,275.68005;
255.20782,272.556;
342.5,271.0;
441.97583,270.41803;
524.07367,270.0;
553.0,270.0;
=======